R_N	G_NS	G_NS	G_NS	G_NS	G_NS
	     wO SOI	    x-type	y-type	RSOC 0.5, 0.005
0.15385	25.4295	25.44907 21.53010 21.57663 25.44822
0.20694	15.0921	15.67754 14.16263 14.24420 15.67727
0.29582	8.66845	9.60761	 8.60350	8.74920	9.60730
0.39085	5.83983	7.12635	 6.00646	6.19929	7.12578
0.51275	4.10731	5.70912	 4.29435	4.53630	5.70811
0.60961	3.30496	5.12691	 3.52195	3.75777	5.12543
0.71942	2.63563	4.73959	 2.89270	3.13633	4.73733
0.78373	2.38961	4.5863	 2.62024	2.85876	4.58343
0.92236	1.97903	4.38684	 2.15578	2.36204	4.38176
1	    1.79629	4.30825	 1.96801	2.17551	4.30123
1.08269	1.57672	4.22853	 1.79194	1.97884	4.22029
1.18019	1.37116	4.16003	 1.53834	1.70401	4.14743
1.28142	1.19908	4.12584	 1.34308	1.52524	4.10833
1.38771	1.15024	4.09416	 1.24470	1.37553	4.06952
1.49972	1.0203	4.07519	 1.13617	1.26398	4.04699
1.64668	0.91288	4.05552	 1.00273	1.12295	4.01338
1.76447	0.83794	4.0379	 0.93620	1.05076	3.99231
1.90826	0.71381	4.02555	 0.80544	0.90297	3.95891
2.08923	0.66948	4.01678	 0.73939	0.82995	3.92652
2.26425	0.57719	4.01398	 0.67617	0.72506	3.87865
2.46435	0.56179	4.01097	 0.60080	0.66159	3.82956
2.58864	0.52419	4.00767	 0.56632	0.63585	3.75918
2.94398	0.49679	4.00508	 0.51529	0.56079	3.72586
2.99293	0.40313	4.00313	 0.39566	0.45455	3.54590
3.47677	0.37552	4.00154	 0.38647	0.41108	3.48260
3.57135	0.33481	4.00128	 0.35176	0.36937	3.34759
3.84643	0.283	4.00093	 0.28939	0.31939	3.18737
4.41662	0.29158	4.00105	 0.28034	0.29181	3.05290
4.50032	0.21584	4.00027	 0.23432	0.25290	2.80634
5.206	0.23501	4.00017	 0.23315	0.23758	2.59027
5.70456	0.19968	4.00017	 0.19502	0.20330	2.36986
8.24936	0.10561				                1.36168
21.48251					                0.25795