bias/Deltam	G_NS	G_NS
	       x-type	 RSOI
0	    4.00027	  0.25369
4.00E-04 2.53113 0.2558
8.00E-04 2.10505 0.25898
0.0012	1.84954	0.26317
0.0016	1.66477	0.26836
0.002	1.51972	0.27386
0.0024	1.40061	0.27887
0.0028	1.29999	0.28508
0.0032	1.21337	0.29424
0.0036	1.13778	0.30224
0.004	1.07113	0.30919
0.0044	1.01186	0.32198
0.0048	0.9588	0.32699
0.0052	0.91103	0.33336
0.0056	0.86782	0.34161
0.006	0.82857	0.34867
0.0064	0.79279	0.35225
0.0068	0.76008	0.35433
0.0072	0.73009	0.35766
0.0076	0.70253	0.36221
0.008	0.67715	0.3704
0.0084	0.65374	0.37594
0.0088	0.63208	0.38062
0.0092	0.61197	0.38725
0.0096	0.59322	0.39006
0.01	0.57565	0.39172
0.0104	0.55912	0.39317
0.0108	0.54353	0.39519
0.0112	0.52889	0.39802
0.0116	0.5152	0.40178
0.012	0.50251	0.40413
0.0124	0.4908	0.40332
0.0128	0.48002	0.40241
0.0132	0.47005	0.40337
0.0136	0.46072	0.40352
0.014	0.45184	0.40255
0.0144	0.44316	0.40355
0.0148	0.43456	0.4067
0.0152	0.42637	0.41071
0.0156	0.41887	0.41264
0.016	0.41213	0.41494
0.0164	0.40606	0.41628
0.0168	0.40058	0.41824
0.0172	0.39562	0.41965
0.0176	0.39115	0.42235
0.018	0.38715	0.42678
0.0184	0.38339	0.42499
0.0188	0.37948	0.42338
0.0192	0.37574	0.42406
0.0196	0.37273	0.42641
0.02	0.37143	0.42722
0.0204	0.36943	0.42759
0.0208	0.36496	0.43062
0.0212	0.36185	0.43473
0.0216	0.35881	0.4391
0.022	0.35577	0.44058
0.0224	0.35295	0.44061
0.0228	0.35049	0.44024
0.0232	0.34829	0.44025
0.0236	0.34616	0.44197
0.024	0.34405	0.44153
0.0244	0.34213	0.43607
0.0248	0.34051	0.42877
0.0252	0.33927	0.42429
0.0256	0.33842	0.42072
0.026	0.33771	0.41986
0.0264	0.33668	0.42038
0.0268	0.3359	0.42225
0.0272	0.33625	0.41942
0.0276	0.33662	0.41833
0.028	0.33545	0.42008
0.0284	0.33426	0.42381
0.0288	0.33335	0.4283
0.0292	0.33262	0.4301
0.0296	0.33222	0.4298
0.03	0.33219	0.42884
0.0304	0.33209	0.42619
0.0308	0.33144	0.42509
0.0312	0.33017	0.42576
0.0316	0.32864	0.42449
0.032	0.32728	0.42419
0.0324	0.32649	0.42755
0.0328	0.3264	0.4301
0.0332	0.32676	0.4303
0.0336	0.32755	0.4304
0.034	0.32778	0.42945
0.0344	0.32569	0.42771
0.0348	0.32405	0.42518
0.0352	0.32335	0.4217
0.0356	0.32314	0.41877
0.036	0.32311	0.41264
0.0364	0.32314	0.40248
0.0368	0.32342	0.39848
0.0372	0.32428	0.39772
0.0376	0.32584	0.39976
0.038	0.32748	0.407
0.0384	0.32874	0.40664
0.0388	0.32869	0.40441
0.0392	0.3296	0.40071
0.0396	0.33058	0.39865
0.04	0.32871	0.39659
0.0404	0.32766	0.39443
0.0408	0.32762	0.39023
0.0412	0.32801	0.38957
0.0416	0.32899	0.39487
0.042	0.32912	0.39961
0.0424	0.32622	0.40338
0.0428	0.32421	0.40788
0.0432	0.32281	0.41177
0.0436	0.32183	0.41176
0.044	0.32116	0.40172
0.0444	0.32074	0.39755
0.0448	0.32079	0.39679
0.0452	0.32091	0.39322
0.0456	0.31837	0.39376
0.046	0.31499	0.39802
0.0464	0.31289	0.40514
0.0468	0.31257	0.4036
0.0472	0.31347	0.40299
0.0476	0.31077	0.39973
0.048	0.30984	0.40197
0.0484	0.31131	0.43148
0.0488	0.31139	0.44361
0.0492	0.31036	0.44874
0.0496	0.31208	0.45201
0.05	0.31429	0.45437
0.0504	0.31428	0.4562
0.0508	0.31246	0.45767
0.0512	0.31084	0.45887
0.0516	0.30967	0.45986
0.052	0.30817	0.46069
0.0524	0.30575	0.4614
0.0528	0.30409	0.46203
0.0532	0.30445	0.4626
0.0536	0.30698	0.46314
0.054	0.30564	0.46366
0.0544	0.30748	0.46417
0.0548	0.30932	0.46467
0.0552	0.30963	0.46515
0.0556	0.30983	0.46559
0.056	0.31065	0.46599
0.0564	0.31222	0.46631
0.0568	0.31477	0.46655
0.0572	0.31858	0.46668
0.0576	0.32022	0.4667
0.058	0.32163	0.46659
0.0584	0.3239	0.46635
0.0588	0.32636	0.46598
0.0592	0.32847	0.46551
0.0596	0.3298	0.46492
0.06	0.33087	0.46426
0.0604	0.33213	0.46353
0.0608	0.33278	0.46276
0.0612	0.33247	0.46197
0.0616	0.33094	0.46117
0.062	0.32828	0.46037
0.0624	0.32619	0.45957
0.0628	0.32478	0.45879
0.0632	0.32359	0.45802
0.0636	0.32261	0.45726
0.064	0.32179	0.45651
0.0644	0.32058	0.45576
0.0648	0.31896	0.45499
0.0652	0.31792	0.4542
0.0656	0.318	0.45339
0.066	0.31901	0.45255
0.0664	0.3213	0.45171
0.0668	0.31927	0.45087
0.0672	0.319	0.45004
0.0676	0.32	0.44924
0.068	0.32205	0.44846
0.0684	0.32329	0.4477
0.0688	0.32131	0.44695
0.0692	0.32009	0.44621
0.0696	0.32032	0.44548
0.07	0.32092	0.44477
0.0704	0.32197	0.44411
0.0708	0.32398	0.44349
0.0712	0.32401	0.44293
0.0716	0.32389	0.44243
0.072	0.32477	0.442
0.0724	0.32708	0.44163
0.0728	0.33107	0.44133
0.0732	0.33376	0.44112
0.0736	0.33418	0.44098
0.074	0.33368	0.44092
0.0744	0.33393	0.44095
0.0748	0.33421	0.44107
0.0752	0.33431	0.44126
0.0756	0.33366	0.44153
0.076	0.33192	0.44188
0.0764	0.32915	0.44229
0.0768	0.32584	0.44275
0.0772	0.32235	0.44326
0.0776	0.31876	0.44381
0.078	0.31555	0.44437
0.0784	0.3133	0.44494
0.0788	0.31219	0.44551
0.0792	0.31191	0.44606
0.0796	0.31202	0.4466
0.08	0.31352	0.44712
0.0804	0.31527	0.4476
0.0808	0.31193	0.44804
0.0812	0.31071	0.44846
0.0816	0.31094	0.44883
0.082	0.31228	0.44917
0.0824	0.31428	0.44947
0.0828	0.31639	0.44974
0.0832	0.31836	0.44997
0.0836	0.3203	0.45017
0.084	0.32216	0.45034
0.0844	0.32305	0.45049
0.0848	0.32349	0.45062
0.0852	0.32477	0.45073
0.0856	0.32666	0.45083
0.086	0.32868	0.45092
0.0864	0.33053	0.45101
0.0868	0.33226	0.45109
0.0872	0.33248	0.45118
0.0876	0.33139	0.45127
0.088	0.32873	0.45136
0.0884	0.32642	0.45144
0.0888	0.32538	0.4515
0.0892	0.32422	0.45155
0.0896	0.32427	0.45158
0.09	0.32662	0.45157
0.0904	0.3317	0.45152
0.0908	0.33997	0.45142
0.0912	0.34036	0.45128
0.0916	0.33531	0.45108
0.092	0.33264	0.45084
0.0924	0.3275	0.45053
0.0928	0.31898	0.45018
0.0932	0.31386	0.44976
0.0936	0.31117	0.44929
0.094	0.31089	0.44877
0.0944	0.31428	0.44818
0.0948	0.31282	0.44754
0.0952	0.31192	0.44685
0.0956	0.31313	0.44613
0.096	0.31547	0.44538
0.0964	0.31899	0.44462
0.0968	0.32342	0.44386
0.0972	0.32483	0.44309
0.0976	0.32422	0.44231
0.098	0.32097	0.44151
0.0984	0.32005	0.44069
0.0988	0.31899	0.43985
0.0992	0.31686	0.43899
0.0996	0.31741	0.43812
0.1	0.31999	0.43725
0.1004	0.3233	0.43639
0.1008	0.32624	0.43555
0.1012	0.32656	0.43474
0.1016	0.32923	0.43397
0.102	0.33022	0.43323
0.1024	0.32941	0.43253
0.1028	0.32905	0.43187
0.1032	0.32664	0.43125
0.1036	0.3229	0.43068
0.104	0.32125	0.43016
0.1044	0.32184	0.42968
0.1048	0.32007	0.42924
0.1052	0.32089	0.42885
0.1056	0.32238	0.42851
0.106	0.32346	0.42822
0.1064	0.32271	0.42799
0.1068	0.31973	0.42781
0.1072	0.31677	0.42769
0.1076	0.31487	0.42764
0.108	0.31395	0.42767
0.1084	0.31517	0.42776
0.1088	0.31829	0.42793
0.1092	0.32095	0.42815
0.1096	0.32159	0.42841
0.11	0.32244	0.42869
0.1104	0.3205	0.42896
0.1108	0.31579	0.42919
0.1112	0.30905	0.42936
0.1116	0.3059	0.42947
0.112	0.30598	0.42954
0.1124	0.30974	0.42959
0.1128	0.30609	0.42967
0.1132	0.30398	0.4298
0.1136	0.30402	0.43
0.114	0.30426	0.43028
0.1144	0.30495	0.43064
0.1148	0.30366	0.43107
0.1152	0.30305	0.43154
0.1156	0.30492	0.43202
0.116	0.30998	0.4325
0.1164	0.31174	0.43294
0.1168	0.3142	0.43332
0.1172	0.31287	0.43363
0.1176	0.33069	0.43388
0.118	0.34164	0.43409
0.1184	0.34639	0.43429
0.1188	0.34865	0.4345
0.1192	0.35039	0.43474
0.1196	0.35171	0.43502
0.12	0.35278	0.43534
0.1204	0.35378	0.4357
0.1208	0.35488	0.43611
0.1212	0.3561	0.43655
0.1216	0.35745	0.43703
0.122	0.35882	0.43753
0.1224	0.36017	0.43805
0.1228	0.36143	0.43857
0.1232	0.36253	0.43909
0.1236	0.36349	0.4396
0.124	0.36449	0.4401
0.1244	0.36575	0.44057
0.1248	0.36741	0.44102
0.1252	0.36951	0.44146
0.1256	0.37203	0.44189
0.126	0.37494	0.44231
0.1264	0.37815	0.44274
0.1268	0.38155	0.44318
0.1272	0.38491	0.44364
0.1276	0.38799	0.44411
0.128	0.39055	0.44461
0.1284	0.3925	0.44512
0.1288	0.39383	0.44565
0.1292	0.39447	0.44618
0.1296	0.39438	0.44672
0.13	0.39371	0.44726
0.1304	0.39277	0.44781
0.1308	0.39173	0.44835
0.1312	0.39063	0.44888
0.1316	0.38953	0.4494
0.132	0.38857	0.44991
0.1324	0.38795	0.4504
0.1328	0.38781	0.45086
0.1332	0.3882	0.45129
0.1336	0.38892	0.45171
0.134	0.38964	0.45211
0.1344	0.39038	0.45249
0.1348	0.39127	0.45284
0.1352	0.39235	0.45317
0.1356	0.39354	0.45349
0.136	0.3948	0.4538
0.1364	0.39607	0.45411
0.1368	0.3973	0.45443
0.1372	0.39838	0.45476
0.1376	0.39923	0.45509
0.138	0.39976	0.45542
0.1384	0.39994	0.45575
0.1388	0.39978	0.45606
0.1392	0.39936	0.45635
0.1396	0.39877	0.45659
0.14	0.39804	0.45679
0.1404	0.39724	0.45693
0.1408	0.3964	0.457
0.1412	0.39556	0.45699
0.1416	0.39467	0.45692
0.142	0.39364	0.45678
0.1424	0.39248	0.45658
0.1428	0.3913	0.45632
0.1432	0.3902	0.45602
0.1436	0.38924	0.45568
0.144	0.3885	0.45531
0.1444	0.38811	0.45492
0.1448	0.38811	0.45449
0.1452	0.38732	0.45405
0.1456	0.38677	0.45359
0.146	0.38682	0.45311
0.1464	0.38711	0.45261
0.1468	0.38718	0.45211
0.1472	0.38668	0.4516
0.1476	0.38585	0.45109
0.148	0.38505	0.45058
0.1484	0.38446	0.45008
0.1488	0.38413	0.44959
0.1492	0.38404	0.44911
0.1496	0.38412	0.44867
0.15	0.38428	0.44825
0.1504	0.38447	0.44786
0.1508	0.38461	0.4475
0.1512	0.38462	0.44718
0.1516	0.38443	0.44689
0.152	0.38404	0.44664
0.1524	0.38355	0.44642
0.1528	0.3831	0.44623
0.1532	0.38277	0.44608
0.1536	0.3826	0.44595
0.154	0.38258	0.44586
0.1544	0.38265	0.44579
0.1548	0.38275	0.44575
0.1552	0.3828	0.44572
0.1556	0.38285	0.44572
0.156	0.38301	0.44574
0.1564	0.38324	0.44578
0.1568	0.38347	0.44584
0.1572	0.38385	0.44591
0.1576	0.38455	0.44599
0.158	0.38557	0.44607
0.1584	0.38677	0.44614
0.1588	0.38785	0.44619
0.1592	0.3886	0.4462
0.1596	0.38919	0.44617
0.16	0.38991	0.44608
0.1604	0.39085	0.44592
0.1608	0.39199	0.44568
0.1612	0.3997	0.44536
0.1616	0.40451	0.44496
0.162	0.40704	0.44452
0.1624	0.40885	0.44404
0.1628	0.41028	0.44357
0.1632	0.41148	0.44312
0.1636	0.41253	0.44273
0.164	0.41347	0.44241
0.1644	0.41431	0.44217
0.1648	0.41508	0.44202
0.1652	0.41577	0.44193
0.1656	0.4164	0.4419
0.166	0.41698	0.44192
0.1664	0.41751	0.44197
0.1668	0.41801	0.44202
0.1672	0.41847	0.44207
0.1676	0.41891	0.4421
0.168	0.41934	0.44212
0.1684	0.41976	0.44213
0.1688	0.42018	0.44212
0.1692	0.4206	0.44212
0.1696	0.42101	0.44213
0.17	0.42139	0.44214
0.1704	0.42172	0.44217
0.1708	0.422	0.4422
0.1712	0.42223	0.44225
0.1716	0.42244	0.4423
0.172	0.42267	0.44239
0.1724	0.42299	0.44254
0.1728	0.42344	0.4428
0.1732	0.42407	0.44314
0.1736	0.42479	0.44324
0.174	0.42522	0.44265
0.1744	0.42503	0.44164
0.1748	0.4245	0.44067
0.1752	0.42403	0.43986
0.1756	0.42372	0.43919
0.176	0.42356	0.43865
0.1764	0.42349	0.4382
0.1768	0.4235	0.43785
0.1772	0.42358	0.4376
0.1776	0.4237	0.43743
0.178	0.42387	0.43735
0.1784	0.42406	0.43734
0.1788	0.42429	0.4374
0.1792	0.42452	0.4375
0.1796	0.42476	0.43764
0.18	0.42499	0.43782
0.1804	0.4252	0.43807
0.1808	0.4254	0.4384
0.1812	0.42558	0.43883
0.1816	0.42573	0.43938
0.182	0.42585	0.44007
0.1824	0.42595	0.44088
0.1828	0.42601	0.44183
0.1832	0.42605	0.44289
0.1836	0.42605	0.44405
0.184	0.42604	0.44532
0.1844	0.42599	0.44664
0.1848	0.42593	0.44799
0.1852	0.42586	0.44931
0.1856	0.42577	0.45058
0.186	0.42568	0.4519
0.1864	0.42559	0.45464
0.1868	0.4255	0.45594
0.1872	0.42543	0.45618
0.1876	0.42537	0.45628
0.188	0.42532	0.45628
0.1884	0.42528	0.45623
0.1888	0.42526	0.45613
0.1892	0.42524	0.45599
0.1896	0.42522	0.45582
0.19	0.42519	0.45561
0.1904	0.42515	0.45538
0.1908	0.42508	0.45513
0.1912	0.425	0.45486
0.1916	0.4249	0.45458
0.192	0.42479	0.45431
0.1924	0.42471	0.45406
0.1928	0.42465	0.45386
0.1932	0.42463	0.45376
0.1936	0.42463	0.45383
0.194	0.42463	0.45403
0.1944	0.4246	0.45395
0.1948	0.42458	0.45331
0.1952	0.42458	0.4526
0.1956	0.42463	0.45206
0.196	0.42473	0.45167
0.1964	0.42489	0.45136
0.1968	0.42509	0.45108
0.1972	0.42531	0.4508
0.1976	0.42556	0.45051
0.198	0.42581	0.45015
0.1984	0.42607	0.44961
0.1988	0.42632	0.4499
0.1992	0.42657	0.45026
0.1996	0.42683	0.45056
0.2	   0.4271	0