lambda_x	G_NS
0.00 	0.11306
0.25 	0.11307
0.50 	0.11313
0.75 	0.11322
1.00 	0.11334
1.25 	0.1135
1.50 	0.11369
1.75 	4.00212
2.00 	4.0021
2.25 	4.00208
2.50 	4.00206
2.75 	4.00203
3.00 	4.002
3.25 	4.00197
3.50 	4.00194
3.75 	4.00191
4.00 	4.00188
4.25 	4.00184
4.50 	4.00181
4.75 	4.00177
5.00 	4.00173
5.25 	4.0017
5.50 	4.00166
5.75 	4.00163
6.00 	4.00159
6.25 	4.00156
6.50 	4.00153
6.75 	4.0015
7.00 	4.00147
7.25 	4.00144
7.50 	4.00141
7.75 	4.00138
8.00 	4.00136
8.25 	7.99999
8.50 	8.00001
8.75 	8.00001
9.00 	8.00005
9.25 	8.00005
9.50 	8.00008
9.75 	8.00004
10.00 	7.99997
10.25 	7.99998
10.50 	7.99999
10.75 	8.00004
11.00 	8.00001
11.25 	8.00002
11.50 	8.00001
11.75 	8
12.00 	8.00004
12.25 	7.99998
12.50 	8.00008
12.75 	8.00001
13.00 	7.99998
13.25 	8.00009
13.50 	11.99908
13.75 	12.00112
14.00 	12.00017
14.25 	11.99977
14.50 	11.9998
14.75 	11.99993
15.00 	11.99989
15.25 	12.00141
15.50 	11.99994
15.75 	12.00212
16.00 	12.00078
16.25 	12.00016
16.50 	11.99957
16.75 	11.9995
17.00 	12.00105
17.25 	11.99897
17.50 	11.99945