R_N	    G_NS	G_NS	G_NS	G_NS
	    wo SOI	x-type	y-type	 RSOC
0.15385	25.3902	25.6164	21.3486 21.45314
0.20694	12.7830 12.8029 12.2299	12.26494
0.29582	7.50217	7.50795	7.31093	7.32769
0.39085	5.29362	5.29737	5.19286	5.2027
0.51275	3.89818	3.90365	3.84059	3.84801
0.60961	3.21906	3.22442	3.16503	3.17313
0.71942	2.67569	2.67685	2.64438	2.64933
0.78373	2.45303	2.45482	2.42773	2.43244
0.92236	2.046	2.0478	2.0295	2.03313
1	    1.9044	1.90687	1.89725	1.89935
1.08269	1.74702	1.7505	1.73185	1.73417
1.18019	1.53347	1.53646	1.52807	1.53008
1.28142	1.36998	1.37188	1.36159	1.36306
1.38771	1.25887	1.25856	1.25162	1.25251
1.49972	1.15837	1.15902	1.14771	1.14787
1.64668	1.03354	1.03323	1.02321	1.02384
1.76447	0.93474	0.93436	0.92864	0.9291
1.90826	0.83692	0.8383	0.83207	0.83374
2.08923	0.81053	0.81113	0.80794	0.80814
2.26425	0.70836	0.70913	0.70161	0.70212
2.46435	0.69841	0.69852	0.69277	0.69335
2.58864	0.5886	0.5899	0.58445	0.58613
2.72389	0.56428	0.56625	0.56407	0.56524
2.94398	0.59074	0.59105	0.59084	0.59069
2.99293	0.49563	0.49601	0.49502	0.49578
3.21755	0.44752	0.44854	0.44647	0.44688
3.47677	0.45264	0.45292	0.45416	0.45391
3.57135	0.41894	0.41971	0.41577	0.41703
3.84643	0.35364	0.35382	0.35209	0.35199
4.41662	0.33408	0.33498	0.33403	0.33415
4.50032	0.28557	0.28557	0.28541	0.28542
4.82195	0.28627	0.28634	0.28621	0.28632
5.206	0.2866	0.28679	0.28671	0.2868
5.70456	0.22655	0.22687	0.22741	0.22757
8.24936	0.14563	0.14527	0.14221	0.14243