bias/Deltam	G_NS	G_NS	G_NS	G_NS
	        wo SOI	x-type	y-type	RSOC
4.0E-04 0.28561	0.28562	0.28545	0.28546
8.0E-04 0.28573	0.28574	0.28557	0.28558
0.0012	0.28593	0.28594	0.28578	0.28579
0.0016	0.28621	0.28622	0.28606	0.28607
0.002	0.28656	0.28657	0.28642	0.28643
0.0024	0.28699	0.287	0.28686	0.28687
0.0028	0.2875	0.28751	0.28738	0.28738
0.0032	0.28807	0.28808	0.28796	0.28797
0.0036	0.28871	0.28872	0.28862	0.28863
0.004	0.28942	0.28944	0.28935	0.28935
0.0044	0.29019	0.29021	0.29014	0.29015
0.0048	0.29102	0.29106	0.291	0.29102
0.0052	0.29192	0.29197	0.29193	0.29195
0.0056	0.29288	0.29295	0.29293	0.29296
0.006	0.29391	0.294	0.294	0.29403
0.0064	0.295	0.29511	0.29513	0.29517
0.0068	0.29614	0.29628	0.29633	0.29639
0.0072	0.29732	0.29749	0.29758	0.29765
0.0076	0.29852	0.29871	0.29886	0.29895
0.008	0.29971	0.29992	0.30016	0.30026
0.0084	0.30085	0.30107	0.30142	0.30154
0.0088	0.30192	0.30214	0.30262	0.30274
0.0092	0.30292	0.30314	0.30375	0.30387
0.0096	0.3039	0.30413	0.30483	0.30495
0.01	0.30493	0.30518	0.30592	0.30605
0.0104	0.30607	0.30633	0.30709	0.30723
0.0108	0.30737	0.30764	0.30841	0.30855
0.0112	0.30886	0.30913	0.30992	0.31005
0.0116	0.31055	0.31077	0.31162	0.31172
0.012	0.31249	0.31255	0.31349	0.31356
0.0124	0.31499	0.31471	0.31575	0.31573
0.0128	0.31659	0.31722	0.31798	0.31828
0.0132	0.31679	0.31758	0.31777	0.31852
0.0136	0.31792	0.31841	0.31785	0.31853
0.014	0.31958	0.32	0.31844	0.31908
0.0144	0.32147	0.32195	0.31937	0.31996
0.0148	0.3234	0.32401	0.3206	0.32114
0.0152	0.32518	0.32588	0.32207	0.32254
0.0156	0.32658	0.32725	0.32361	0.32392
0.016	0.32753	0.32818	0.32494	0.32508
0.0164	0.32822	0.3289	0.32599	0.32609
0.0168	0.32873	0.32948	0.3268	0.32697
0.0172	0.32909	0.3299	0.32741	0.32768
0.0176	0.32934	0.33019	0.32785	0.32822
0.018	0.32955	0.33041	0.32823	0.32868
0.0184	0.32978	0.33064	0.32862	0.32912
0.0188	0.33009	0.33091	0.32909	0.3296
0.0192	0.3305	0.33126	0.32966	0.33018
0.0196	0.33102	0.33172	0.33036	0.33087
0.02	0.33166	0.33229	0.33119	0.33168
0.0204	0.33238	0.33298	0.33212	0.3326
0.0208	0.33316	0.33377	0.3331	0.33359
0.0212	0.33394	0.33462	0.33405	0.33458
0.0216	0.33471	0.33552	0.33493	0.33552
0.022	0.33546	0.33645	0.33575	0.33639
0.0224	0.3363	0.33744	0.3366	0.33725
0.0228	0.33732	0.33856	0.3376	0.33823
0.0232	0.33833	0.33961	0.33882	0.33942
0.0236	0.33868	0.33994	0.33986	0.34047
0.024	0.33843	0.33962	0.34005	0.34069
0.0244	0.33833	0.33944	0.33984	0.3404
0.0248	0.33863	0.3397	0.33996	0.34041
0.0252	0.33926	0.34033	0.34055	0.34091
0.0256	0.34015	0.34124	0.34159	0.34187
0.026	0.34126	0.34235	0.34309	0.34327
0.0264	0.3426	0.34365	0.34504	0.34514
0.0268	0.34424	0.3452	0.3469	0.3471
0.0272	0.34616	0.34699	0.34768	0.34818
0.0276	0.34777	0.34856	0.34778	0.34833
0.028	0.34802	0.34883	0.34801	0.34842
0.0284	0.34749	0.34818	0.34844	0.34867
0.0288	0.34713	0.34763	0.34899	0.34904
0.0292	0.34715	0.34748	0.34965	0.34956
0.0296	0.34752	0.34771	0.35047	0.35027
0.03	0.34821	0.3483	0.35151	0.35124
0.0304	0.34921	0.34922	0.35278	0.3525
0.0308	0.35049	0.35046	0.35427	0.35403
0.0312	0.352	0.35195	0.35592	0.35577
0.0316	0.35367	0.35363	0.35757	0.35758
0.032	0.35539	0.35541	0.35905	0.35929
0.0324	0.35704	0.35712	0.36028	0.36073
0.0328	0.35851	0.35853	0.3613	0.36181
0.0332	0.35965	0.3594	0.36202	0.36235
0.0336	0.36039	0.35991	0.36224	0.36243
0.034	0.36089	0.36033	0.36228	0.36246
0.0344	0.3614	0.36071	0.36259	0.36274
0.0348	0.36211	0.36124	0.36322	0.36332
0.0352	0.36276	0.36204	0.36406	0.36411
0.0356	0.36274	0.36286	0.36498	0.36498
0.036	0.3621	0.3632	0.36585	0.3658
0.0364	0.36144	0.36279	0.36643	0.36638
0.0368	0.36097	0.36202	0.36644	0.36651
0.0372	0.36071	0.36132	0.366	0.36621
0.0376	0.36067	0.36093	0.36559	0.36584
0.038	0.36093	0.36093	0.36547	0.3657
0.0384	0.36159	0.3614	0.36557	0.36579
0.0388	0.36272	0.36243	0.36564	0.36592
0.0392	0.36434	0.36403	0.36552	0.36595
0.0396	0.36641	0.36617	0.36534	0.36599
0.04	0.3688	0.36872	0.36545	0.36609
0.0404	0.37075	0.37106	0.3661	0.36607
0.0408	0.3713	0.37167	0.36657	0.36579
0.0412	0.37102	0.37088	0.36569	0.36505
0.0416	0.36968	0.3696	0.3634	0.36341
0.042	0.36813	0.368	0.36173	0.36147
0.0424	0.36688	0.36656	0.36117	0.36027
0.0428	0.36575	0.36528	0.36134	0.35976
0.0432	0.36475	0.36424	0.36198	0.35994
0.0436	0.36409	0.36363	0.36246	0.36087
0.044	0.36386	0.36343	0.36239	0.36201
0.0444	0.36399	0.36356	0.36257	0.36247
0.0448	0.36441	0.36391	0.36317	0.36275
0.0452	0.3651	0.36446	0.36392	0.36325
0.0456	0.36591	0.36528	0.36461	0.36384
0.046	0.36614	0.36631	0.36513	0.36438
0.0464	0.36577	0.36697	0.36548	0.36483
0.0468	0.36563	0.36708	0.36574	0.36527
0.0472	0.36599	0.36736	0.36606	0.36576
0.0476	0.36678	0.368	0.36653	0.36631
0.048	0.36788	0.36883	0.36716	0.36678
0.0484	0.36912	0.36962	0.36783	0.36698
0.0488	0.37032	0.37015	0.36836	0.36686
0.0492	0.3713	0.37038	0.36867	0.36659
0.0496	0.37201	0.37037	0.36883	0.36645
0.05	0.37248	0.37017	0.36878	0.36659
0.0504	0.37267	0.3698	0.36842	0.36706
0.0508	0.37251	0.36947	0.36795	0.36773
0.0512	0.37188	0.3694	0.3677	0.36824
0.0516	0.37074	0.36956	0.3677	0.36849
0.052	0.36932	0.36969	0.36768	0.36859
0.0524	0.3678	0.36959	0.36728	0.36841
0.0528	0.36596	0.36903	0.36624	0.36752
0.0532	0.36353	0.36752	0.36464	0.36587
0.0536	0.3608	0.365	0.36308	0.36404
0.054	0.35817	0.36192	0.36192	0.3625
0.0544	0.35572	0.35878	0.36108	0.36127
0.0548	0.35338	0.35586	0.36026	0.3601
0.0552	0.35118	0.35319	0.35918	0.35881
0.0556	0.34913	0.35075	0.35775	0.35736
0.056	0.34727	0.34853	0.35608	0.3558
0.0564	0.34564	0.34657	0.35438	0.3542
0.0568	0.3443	0.34495	0.35292	0.35268
0.0572	0.34328	0.3437	0.35177	0.3514
0.0576	0.34258	0.34284	0.35079	0.3504
0.058	0.3422	0.34238	0.34978	0.34952
0.0584	0.34212	0.34231	0.34894	0.34868
0.0588	0.34238	0.34263	0.34871	0.34816
0.0592	0.343	0.34333	0.3495	0.34841
0.0596	0.34397	0.34441	0.35123	0.34939
0.06	0.3452	0.34577	0.35082	0.34911
0.0604	0.34637	0.34709	0.34988	0.34828
0.0608	0.34718	0.34797	0.34927	0.34848
0.0612	0.34757	0.34818	0.34974	0.34952
0.0616	0.34732	0.34725	0.34814	0.34905
0.062	0.34631	0.34675	0.34767	0.34845
0.0624	0.34594	0.34427	0.34767	0.34807
0.0628	0.34501	0.34363	0.34803	0.34793
0.0632	0.34542	0.34368	0.34879	0.34806
0.0636	0.34631	0.34423	0.35004	0.34841
0.064	0.34718	0.34521	0.3513	0.34898
0.0644	0.34703	0.34651	0.3508	0.34983
0.0648	0.34644	0.34778	0.34961	0.35096
0.0652	0.34619	0.3477	0.34869	0.35178
0.0656	0.34584	0.34673	0.34743	0.35106
0.066	0.34578	0.34603	0.34595	0.34873
0.0664	0.34595	0.34561	0.34447	0.34655
0.0668	0.34619	0.3453	0.34304	0.34486
0.0672	0.34637	0.345	0.34173	0.34355
0.0676	0.34643	0.34476	0.34067	0.34264
0.068	0.34638	0.34462	0.33996	0.34217
0.0684	0.34599	0.34421	0.33956	0.34177
0.0688	0.34474	0.34298	0.33897	0.34084
0.0692	0.34299	0.34143	0.33798	0.33975
0.0696	0.34138	0.34011	0.33715	0.33885
0.07	0.33999	0.33898	0.33655	0.33804
0.0704	0.3387	0.33791	0.33585	0.33713
0.0708	0.33737	0.33672	0.33456	0.3357
0.0712	0.33599	0.3352	0.33228	0.33346
0.0716	0.33455	0.33313	0.32973	0.33109
0.072	0.33293	0.33083	0.32751	0.32894
0.0724	0.33112	0.32863	0.32565	0.32701
0.0728	0.32855	0.32659	0.32411	0.32531
0.0732	0.32516	0.32478	0.32289	0.32382
0.0736	0.32186	0.32327	0.32193	0.32247
0.074	0.31898	0.3217	0.32109	0.3211
0.0744	0.31652	0.31926	0.32013	0.31965
0.0748	0.31445	0.31627	0.31861	0.31825
0.0752	0.31271	0.31352	0.31614	0.31685
0.0756	0.31114	0.31109	0.31313	0.3149
0.076	0.30954	0.30896	0.31023	0.31222
0.0764	0.30788	0.30707	0.30766	0.3094
0.0768	0.30629	0.30533	0.30537	0.30686
0.0772	0.30488	0.30374	0.30331	0.30462
0.0776	0.30385	0.30242	0.30148	0.30262
0.078	0.30324	0.30152	0.29991	0.30084
0.0784	0.30274	0.30102	0.29867	0.29932
0.0788	0.30173	0.30037	0.29784	0.29815
0.0792	0.30013	0.29891	0.29754	0.29747
0.0796	0.29922	0.29677	0.29787	0.29744
0.08	0.29821	0.29527	0.29858	0.29783
0.0804	0.29625	0.29557	0.29894	0.29802
0.0808	0.29657	0.29405	0.29889	0.29805
0.0812	0.29733	0.29285	0.29854	0.29793
0.0816	0.29709	0.29323	0.29809	0.2977
0.082	0.29757	0.29464	0.29794	0.2978
0.0824	0.29841	0.29638	0.29828	0.29848
0.0828	0.29885	0.29806	0.299	0.29963
0.0832	0.2986	0.30013	0.2998	0.30074
0.0836	0.29772	0.30185	0.30027	0.30122
0.084	0.29676	0.30122	0.30026	0.30097
0.0844	0.29629	0.30009	0.30007	0.30051
0.0848	0.29662	0.29955	0.29991	0.30038
0.0852	0.29782	0.2999	0.2997	0.30055
0.0856	0.29974	0.30126	0.29942	0.30069
0.086	0.30209	0.30351	0.29932	0.30069
0.0864	0.3046	0.30621	0.29965	0.30088
0.0868	0.30714	0.30853	0.30049	0.3017
0.0872	0.3095	0.30965	0.3019	0.30342
0.0876	0.31098	0.31026	0.304	0.30607
0.088	0.31177	0.31118	0.30696	0.30885
0.0884	0.31278	0.31239	0.31079	0.31082
0.0888	0.31415	0.31358	0.31458	0.31269
0.0892	0.31556	0.31462	0.31719	0.31499
0.0896	0.31683	0.31555	0.31949	0.31773
0.09	0.31802	0.31641	0.32217	0.32083
0.0904	0.31931	0.31732	0.32511	0.3242
0.0908	0.32089	0.31862	0.32816	0.32766
0.0912	0.32276	0.32062	0.33137	0.33104
0.0916	0.32374	0.32285	0.33389	0.33427
0.092	0.32364	0.32355	0.33459	0.33616
0.0924	0.32363	0.32311	0.33486	0.33572
0.0928	0.32366	0.32272	0.33539	0.33489
0.0932	0.3236	0.32257	0.33603	0.33438
0.0936	0.32367	0.32267	0.33654	0.33422
0.094	0.32398	0.32294	0.33689	0.33432
0.0944	0.32436	0.32323	0.33724	0.33461
0.0948	0.32452	0.32352	0.33775	0.33506
0.0952	0.32436	0.32382	0.33856	0.33573
0.0956	0.32408	0.3241	0.33993	0.33687
0.096	0.32411	0.32443	0.34049	0.33849
0.0964	0.32493	0.32498	0.33824	0.33748
0.0968	0.3267	0.32606	0.3365	0.33545
0.0972	0.32563	0.32745	0.33552	0.33434
0.0976	0.32349	0.32552	0.33496	0.33377
0.098	0.32227	0.32384	0.3347	0.33357
0.0984	0.32171	0.32339	0.33466	0.33364
0.0988	0.3217	0.32356	0.33476	0.33392
0.0992	0.32221	0.32409	0.33494	0.33434
0.0996	0.32317	0.32486	0.33525	0.33473
0.1	0.32443	0.3258	0.33575	0.33497
0.1004	0.32584	0.32687	0.33637	0.3352
0.1008	0.32721	0.32792	0.33705	0.33568
0.1012	0.32835	0.32862	0.33771	0.33646
0.1016	0.32901	0.32854	0.33785	0.33718
0.102	0.329	0.3276	0.33708	0.33704
0.1024	0.3284	0.32603	0.33599	0.33597
0.1028	0.32735	0.32419	0.335	0.33483
0.1032	0.32599	0.3224	0.3336	0.33383
0.1036	0.32442	0.32086	0.33098	0.33212
0.104	0.32272	0.31965	0.32799	0.3289
0.1044	0.321	0.31879	0.32546	0.3252
0.1048	0.31925	0.31816	0.32346	0.32203
0.1052	0.31711	0.31764	0.3218	0.31952
0.1056	0.31415	0.31703	0.32026	0.31751
0.106	0.31096	0.31574	0.31872	0.31589
0.1064	0.3083	0.31347	0.31739	0.31471
0.1068	0.30627	0.31103	0.31658	0.31414
0.1072	0.30482	0.30904	0.31642	0.3143
0.1076	0.30389	0.3076	0.31668	0.31502
0.108	0.30336	0.30667	0.31673	0.31569
0.1084	0.30295	0.30605	0.3159	0.31555
0.1088	0.30258	0.30549	0.31411	0.31452
0.1092	0.30301	0.30512	0.31205	0.31317
0.1096	0.30518	0.30623	0.31133	0.31221
0.11	0.30291	0.30665	0.31044	0.31315
0.1104	0.30245	0.30437	0.30684	0.31059
0.1108	0.30315	0.30396	0.30546	0.30817
0.1112	0.30495	0.3038	0.30511	0.30728
0.1116	0.30711	0.30347	0.30564	0.30719
0.112	0.3081	0.30373	0.30652	0.30773
0.1124	0.30737	0.30483	0.3069	0.30827
0.1128	0.30659	0.30669	0.3069	0.30869
0.1132	0.30646	0.30896	0.30706	0.30899
0.1136	0.30686	0.31162	0.30784	0.30944
0.114	0.30759	0.3135	0.30928	0.31061
0.1144	0.30864	0.31379	0.31132	0.31265
0.1148	0.31001	0.31432	0.31352	0.31514
0.1152	0.31167	0.31525	0.31487	0.31716
0.1156	0.31346	0.31592	0.3151	0.31843
0.116	0.31493	0.31625	0.31492	0.31895
0.1164	0.3158	0.31688	0.31478	0.31878
0.1168	0.31611	0.3178	0.31485	0.31855
0.1172	0.31628	0.31813	0.31525	0.31867
0.1176	0.31675	0.31735	0.31601	0.31896
0.118	0.3171	0.31563	0.31697	0.31896
0.1184	0.31658	0.31345	0.31749	0.31855
0.1188	0.3155	0.31137	0.31672	0.31779
0.1192	0.31419	0.30973	0.31482	0.31667
0.1196	0.31305	0.30868	0.31293	0.31535
0.12	0.31256	0.30837	0.31187	0.31444
0.1204	0.31258	0.30879	0.31183	0.31451
0.1208	0.31232	0.3094	0.31262	0.31542
0.1212	0.31167	0.30964	0.31386	0.31627
0.1216	0.31107	0.30952	0.31522	0.31653
0.122	0.31092	0.30935	0.31635	0.31688
0.1224	0.31128	0.30945	0.31675	0.31763
0.1228	0.3119	0.30986	0.31661	0.31822
0.1232	0.31244	0.31042	0.31634	0.31781
0.1236	0.31265	0.31099	0.31574	0.31616
0.124	0.31248	0.31156	0.31449	0.31428
0.1244	0.31201	0.31221	0.31323	0.31305
0.1248	0.31146	0.31306	0.31265	0.3127
0.1252	0.31117	0.31424	0.31275	0.31312
0.1256	0.31149	0.31537	0.31329	0.31336
0.126	0.31262	0.31551	0.31412	0.31292
0.1264	0.31438	0.31514	0.31507	0.31245
0.1268	0.31602	0.315	0.31548	0.3124
0.1272	0.31648	0.31508	0.31528	0.31286
0.1276	0.31618	0.31506	0.31516	0.31351
0.128	0.31587	0.31483	0.3152	0.31409
0.1284	0.3156	0.31464	0.31546	0.31477
0.1288	0.31502	0.31409	0.31615	0.31577
0.1292	0.31398	0.31297	0.31726	0.31704
0.1296	0.31294	0.31186	0.31861	0.31829
0.13	0.31226	0.3111	0.31983	0.31918
0.1304	0.31208	0.31062	0.32063	0.31983
0.1308	0.31303	0.31027	0.32118	0.32061
0.1312	0.31288	0.30994	0.32155	0.32136
0.1316	0.3099	0.30964	0.3213	0.32154
0.132	0.30878	0.30974	0.32052	0.32114
0.1324	0.30781	0.3122	0.31973	0.32071
0.1328	0.30697	0.30828	0.31924	0.32065
0.1332	0.30642	0.30656	0.31922	0.32108
0.1336	0.30619	0.30516	0.31982	0.32157
0.134	0.30573	0.30449	0.32111	0.32107
0.1344	0.30465	0.30437	0.3228	0.31974
0.1348	0.30377	0.30394	0.32408	0.31917
0.1352	0.30354	0.30297	0.32165	0.31946
0.1356	0.30373	0.30205	0.31868	0.3165
0.136	0.30454	0.30171	0.31671	0.31426
0.1364	0.30562	0.30216	0.31524	0.31326
0.1368	0.30653	0.30357	0.31453	0.31301
0.1372	0.3077	0.30633	0.31474	0.31354
0.1376	0.30988	0.30802	0.31456	0.31347
0.138	0.30936	0.30743	0.31251	0.31156
0.1384	0.30683	0.30691	0.31051	0.31
0.1388	0.30576	0.30659	0.30895	0.3093
0.1392	0.30596	0.30679	0.30773	0.30922
0.1396	0.30545	0.30615	0.30692	0.30864
0.14	0.30332	0.3033	0.30658	0.30691
0.1404	0.30125	0.30054	0.30612	0.30529
0.1408	0.29931	0.29856	0.30472	0.30425
0.1412	0.29753	0.29716	0.30334	0.30371
0.1416	0.29613	0.29626	0.30268	0.30346
0.142	0.29529	0.29592	0.30271	0.30318
0.1424	0.29512	0.29615	0.30316	0.30294
0.1428	0.29562	0.2967	0.30368	0.30309
0.1432	0.29649	0.29694	0.30417	0.30377
0.1436	0.29703	0.29665	0.30488	0.30488
0.144	0.29681	0.29586	0.30608	0.30627
0.1444	0.29592	0.29426	0.30765	0.3076
0.1448	0.29422	0.29216	0.309	0.30824
0.1452	0.29209	0.29022	0.30936	0.30787
0.1456	0.29017	0.28862	0.30847	0.30686
0.146	0.2886	0.2873	0.30684	0.30573
0.1464	0.28728	0.28604	0.30522	0.30453
0.1468	0.28611	0.28459	0.30396	0.30292
0.1472	0.2851	0.28306	0.30286	0.30097
0.1476	0.28424	0.28175	0.30144	0.29907
0.148	0.28369	0.28084	0.29981	0.29747
0.1484	0.28367	0.28042	0.29827	0.29636
0.1488	0.28436	0.2806	0.29711	0.29582
0.1492	0.28606	0.28158	0.29668	0.29593
0.1496	0.29004	0.28348	0.29727	0.29681
0.15	0.29191	0.28545	0.29733	0.29869
0.1504	0.29293	0.2876	0.29853	0.30139
0.1508	0.29304	0.28663	0.30233	0.30224
0.1512	0.2933	0.28706	0.3031	0.30171
0.1516	0.29396	0.28811	0.30375	0.30254
0.152	0.29552	0.28952	0.30489	0.30088
0.1524	0.29877	0.29133	0.30702	0.29923
0.1528	0.29804	0.29367	0.30809	0.29926
0.1532	0.29815	0.29752	0.30752	0.30017
0.1536	0.29885	0.30057	0.30606	0.30159
0.154	0.29954	0.30012	0.30419	0.30289
0.1544	0.29998	0.30045	0.30275	0.30392
0.1548	0.30091	0.30071	0.30196	0.30378
0.1552	0.30165	0.29984	0.30166	0.30206
0.1556	0.30081	0.29816	0.30149	0.301
0.156	0.2995	0.29774	0.30114	0.30105
0.1564	0.29787	0.29676	0.30074	0.30194
0.1568	0.29587	0.2947	0.30031	0.30214
0.1572	0.29251	0.29234	0.29881	0.30004
0.1576	0.28956	0.29012	0.29732	0.29762
0.158	0.28739	0.28827	0.2964	0.29606
0.1584	0.28614	0.28705	0.29519	0.29531
0.1588	0.28539	0.28675	0.29356	0.29446
0.1592	0.28397	0.28718	0.29231	0.29284
0.1596	0.28259	0.28695	0.29116	0.29128
0.16	0.28172	0.2862	0.28921	0.29014
0.1604	0.28187	0.28578	0.28719	0.28939
0.1608	0.28304	0.28577	0.28596	0.28901
0.1612	0.28287	0.28634	0.28573	0.28907
0.1616	0.28195	0.28686	0.28638	0.28967
0.162	0.281	0.28703	0.28879	0.29113
0.1624	0.27963	0.28627	0.28988	0.29472
0.1628	0.27827	0.28379	0.29017	0.29558
0.1632	0.2773	0.28158	0.28784	0.29219
0.1636	0.27658	0.28026	0.28738	0.29014
0.164	0.27592	0.27951	0.28735	0.28869
0.1644	0.27559	0.27896	0.28686	0.28748
0.1648	0.276	0.27862	0.28531	0.2859
0.1652	0.27735	0.27891	0.28355	0.28448
0.1656	0.27944	0.27984	0.28258	0.28381
0.166	0.28149	0.28079	0.28263	0.28394
0.1664	0.28379	0.28165	0.28369	0.28462
0.1668	0.28524	0.28315	0.28556	0.28559
0.1672	0.28424	0.2848	0.28757	0.28641
0.1676	0.28429	0.2836	0.28891	0.2864
0.168	0.28372	0.28416	0.28933	0.28534
0.1684	0.28251	0.28463	0.28851	0.28351
0.1688	0.28124	0.28367	0.28624	0.28113
0.1692	0.27991	0.28233	0.28344	0.27888
0.1696	0.27891	0.2818	0.28118	0.27761
0.17	0.2783	0.28185	0.27912	0.2775
0.1704	0.27751	0.28155	0.27695	0.2777
0.1708	0.27666	0.28078	0.27487	0.2772
0.1712	0.27629	0.27995	0.27332	0.276
0.1716	0.27657	0.27904	0.27215	0.2734
0.172	0.27686	0.27711	0.2706	0.26998
0.1724	0.2762	0.27448	0.26869	0.2674
0.1728	0.27524	0.27247	0.26625	0.2659
0.1732	0.27404	0.27148	0.26428	0.26535
0.1736	0.27274	0.27196	0.26353	0.26652
0.174	0.27142	0.27408	0.2642	0.26616
0.1744	0.27069	0.27076	0.26668	0.26434
0.1748	0.2707	0.26739	0.26677	0.26387
0.1752	0.26716	0.26524	0.26464	0.26248
0.1756	0.26593	0.26397	0.26343	0.26104
0.176	0.26575	0.26307	0.26187	0.26045
0.1764	0.26564	0.26223	0.26022	0.2605
0.1768	0.2653	0.2615	0.25897	0.26014
0.1772	0.26464	0.26079	0.25809	0.25864
0.1776	0.26345	0.25954	0.25753	0.25717
0.178	0.26185	0.25816	0.25725	0.25654
0.1784	0.26008	0.25706	0.25723	0.25656
0.1788	0.25843	0.25629	0.25749	0.25697
0.1792	0.25715	0.25584	0.25805	0.25764
0.1796	0.25635	0.25564	0.25887	0.25845
0.18	0.256	0.25555	0.25987	0.25933
0.1804	0.25593	0.25541	0.26094	0.26022
0.1808	0.25596	0.25516	0.262	0.2611
0.1812	0.25599	0.25484	0.26301	0.26197
0.1816	0.25606	0.25457	0.264	0.26287
0.182	0.25626	0.25448	0.265	0.26383
0.1824	0.25666	0.25469	0.26606	0.26491
0.1828	0.25727	0.25524	0.26711	0.26618
0.1832	0.25807	0.25614	0.26797	0.26762
0.1836	0.25907	0.25738	0.2688	0.26923
0.184	0.26028	0.25887	0.26977	0.27096
0.1844	0.26163	0.26047	0.27092	0.27255
0.1848	0.26301	0.26216	0.27216	0.27389
0.1852	0.26445	0.26402	0.27331	0.27493
0.1856	0.2659	0.26604	0.27414	0.27559
0.186	0.26696	0.26769	0.27454	0.27597
0.1864	0.26747	0.26849	0.2746	0.27621
0.1868	0.26774	0.26872	0.27453	0.27644
0.1872	0.26796	0.26888	0.27449	0.27672
0.1876	0.26863	0.26945	0.27459	0.27713
0.188	0.2697	0.27036	0.27496	0.27779
0.1884	0.27089	0.27118	0.27589	0.27877
0.1888	0.27181	0.27148	0.27808	0.27956
0.1892	0.27214	0.27134	0.27992	0.28021
0.1896	0.27193	0.27106	0.27884	0.28125
0.19	0.27153	0.2708	0.27899	0.28248
0.1904	0.27117	0.2706	0.28019	0.2836
0.1908	0.27092	0.27049	0.28394	0.28466
0.1912	0.27083	0.27049	0.2818	0.2863
0.1916	0.27091	0.2707	0.28216	0.28883
0.192	0.27123	0.27116	0.28269	0.28833
0.1924	0.27198	0.272	0.28338	0.29048
0.1928	0.27497	0.27469	0.28514	0.28897
0.1932	0.27473	0.27427	0.28496	0.2884
0.1936	0.27439	0.27436	0.28407	0.28717
0.194	0.27438	0.27499	0.28369	0.28663
0.1944	0.27493	0.27582	0.28327	0.28621
0.1948	0.27597	0.27693	0.28291	0.286
0.1952	0.27718	0.27787	0.28271	0.28606
0.1956	0.28081	0.27779	0.28268	0.2864
0.196	0.27861	0.28016	0.28268	0.28691
0.1964	0.27866	0.27736	0.28253	0.2873
0.1968	0.27832	0.27754	0.28228	0.28725
0.1972	0.27756	0.27732	0.28208	0.28687
0.1976	0.27668	0.27628	0.28192	0.28666
0.198	0.27602	0.27491	0.2819	0.28687
0.1984	0.27575	0.27384	0.28224	0.28736
0.1988	0.27582	0.27345	0.28313	0.28772
0.1992	0.27647	0.274	0.28471	0.28797
0.1996	0.27791	0.27575	0.28693	0.28856
0.2	    0.2777	0.27841	0.28936	0.28911