wn	    ln	Gn/2	     Rn/2	    R_N
0.00 	50	13	        0.076923077	0.153846154
0.10 	50	12.869058	0.077705765	0.155411531
0.20 	50	12.495226	0.080030565	0.160061131
0.30 	50	11.927773	0.083837947	0.167675894
0.40 	50	11.229115	0.089054213	0.178108426
0.50 	50	10.458769	0.095613547	0.191227094
0.60 	50	9.664505	0.103471414	0.206942828
0.70 	50	8.880222	0.112609797	0.225219595
0.80 	50	8.127504	0.123039004	0.246078009
0.90 	50	7.418749	0.134793615	0.269587231
1.00 	50	6.760909	0.147909105	0.29581821
1.10 	50	6.158316	0.162382054	0.324764108
1.20 	50	5.611744	0.178197722	0.356395445
1.30 	50	5.117094	0.195423418	0.390846836
1.40 	50	4.668911	0.214182708	0.428365415
1.50 	50	4.264104	0.234515856	0.469031712
1.60 	50	3.900557	0.256373641	0.512747282
1.70 	50	3.572397	0.279924096	0.559848192
1.80 	50	3.280767	0.304806772	0.609613545
1.90 	50	3.023374	0.330756301	0.661512601
2.00 	50	2.780019	0.359709772	0.719419544
2.10 	50	2.551902	0.391864578	0.783729156
2.20 	50	2.343527	0.426707266	0.853414533
2.30 	50	2.168341	0.461182074	0.922364148
2.40 	50	1.999998	0.5000005	1.000001
2.50 	50	1.847252	0.541344657	1.082689314
2.60 	50	1.694644	0.590094439	1.180188877
2.70 	50	1.560769	0.640709804	1.281419608
2.80 	50	1.441221	0.693856112	1.387712225
2.90 	50	1.333584	0.749859027	1.499718053
3.00 	50	1.214562	0.823342077	1.646684154
3.10 	50	1.133487	0.882233321	1.764466641
3.20 	50	1.048077	0.95412837	1.908256741
3.30 	50	0.957289	1.04461662	2.089233241
3.40 	50	0.883294	1.132125883	2.264251767
3.50 	50	0.811574	1.232173529	2.464347059
3.60 	50	0.772606	1.294320779	2.588641559
3.65 	50	0.734245	1.361943221	2.723886441
3.70 	50	0.679353	1.471988789	2.943977579
3.80 	50	0.668242	1.496463856	2.992927712
3.85 	50	0.62159	    1.60877749	3.21755498
3.90 	50	0.575247	1.738383686	3.476767371
4.00 	50	0.560012	1.785676021	3.571352042
4.10 	50	0.519962	1.923217466	3.846434932
4.20 	50	0.452835	2.20830987	4.41661974
4.30 	50	0.444413	2.250159199	4.500318398
4.35 	50	0.41477	    2.410974757	4.821949514
4.40 	50	0.384172	2.603000739	5.206001479
4.50 	50	0.350597	2.852277686	5.704555373
5.00 	50	0.242443	4.124680853	8.249361706
6.00 	50	0.093099	10.74125393	21.48250787