bias/  R_N = 1.0 R_N = 2.1 R_N = 3.0 R_N = 3.8	R_N = 4.5
	    wn = 2.4 wn = 3.3  wn = 3.8  wn = 4.1	wn = 4.3
0	    4.30825	4.01678	4.00313	4.00093	4.00027
0.001	4.22821	3.29299	2.60792	2.15037	1.96512
0.002	4.13102	2.78823	2.11537	1.6969	1.51972
0.003	3.98093	2.45504	1.81263	1.42501	1.25514
0.004	3.82746	2.21174	1.59551	1.23302	1.07112
0.005	3.68057	2.02252	1.42821	1.08773	0.9343
0.006	3.54405	1.8693	1.29397	0.97344	0.82857
0.007	3.41884	1.74181	1.18353	0.88132	0.74476
0.008	3.30462	1.63369	1.09117	0.80582	0.67715
0.009	3.20059	1.54074	1.01306	0.74325	0.62184
0.01	3.10579	1.46003	0.94649	0.691	0.57565
0.011	3.01927	1.38943	0.88944	0.64711	0.53609
0.012	2.94018	1.32735	0.84038	0.60984	0.5025
0.013	2.86773	1.27254	0.798	0.57741	0.47494
0.014	2.80125	1.22404	0.76112	0.549	0.45184
0.015	2.74017	1.18106	0.72859	0.5248	0.43039
0.016	2.68396	1.14297	0.69957	0.5047	0.41213
0.017	2.63219	1.10926	0.67367	0.48839	0.39803
0.018	2.58449	1.07946	0.65073	0.47586	0.38715
0.019	2.54054	1.05314	0.63055	0.46699	0.37754
0.02	2.50003	1.02983	0.61289	0.45884	0.37142
0.021	2.46274	1.00901	0.59758	0.44816	0.36335
0.022	2.42843	0.99021	0.5837	0.43777	0.35576
0.023	2.39691	0.97313	0.56963	0.43016	0.34937
0.024	2.36802	0.95798	0.55651	0.42462	0.34405
0.025	2.34159	0.94514	0.54526	0.42151	0.33984
0.026	2.31748	0.93471	0.53612	0.41566	0.33771
0.027	2.29556	0.92664	0.52902	0.40856	0.33592
0.028	2.27569	0.92075	0.52419	0.40402	0.33545
0.029	2.25774	0.91667	0.52204	0.4017	0.33295
0.03	2.2416	0.91405	0.52181	0.40185	0.33219
0.031	2.22712	0.91295	0.52169	0.39964	0.33087
0.032	2.21418	0.91341	0.52099	0.39458	0.32728
0.033	2.20262	0.91499	0.51977	0.39336	0.32654
0.034	2.19234	0.91678	0.51916	0.39263	0.32778
0.035	2.18321	0.9182	0.51872	0.38897	0.32361
0.036	2.17512	0.91946	0.51889	0.38708	0.3231
0.037	2.16801	0.92041	0.52053	0.38255	0.32376
0.038	2.16179	0.92031	0.52098	0.38269	0.32748
0.039	2.15642	0.92001	0.52093	0.38774	0.32893
0.04	2.15181	0.91998	0.52225	0.39559	0.32871
0.041	2.14789	0.92054	0.52548	0.39681	0.32777
0.042	2.14458	0.92166	0.53389	0.39622	0.32911
0.043	2.14178	0.92159	0.53924	0.39529	0.32344
0.044	2.13945	0.92111	0.54729	0.39609	0.32116
0.045	2.13752	0.92055	0.55629	0.40146	0.32098
0.046	2.13599	0.91931	0.56346	0.4043	0.31499
0.047	2.13486	0.91754	0.56898	0.41299	0.3133
0.048	2.13413	0.91428	0.57305	0.41488	0.30983
0.049	2.13382	0.90945	0.57245	0.41711	0.3103
0.05	2.13388	0.90396	0.56865	0.42063	0.31429
0.051	2.13427	0.89921	0.56417	0.41726	0.31156
0.052	2.13492	0.89643	0.55908	0.41592	0.30817
0.053	2.13575	0.89623	0.55717	0.41945	0.30399
0.054	2.13668	0.89854	0.55541	0.42908	0.30564
0.055	2.13763	0.90254	0.54938	0.42944	0.30959
0.056	2.1385	0.90675	0.54413	0.43456	0.31065
0.057	2.13921	0.90922	0.54119	0.43721	0.3166
0.058	2.1397	0.9088	0.53978	0.43922	0.32163
0.059	2.13995	0.90592	0.53893	0.43828	0.3275
0.06	2.13997	0.90234	0.53742	0.43733	0.33086
0.061	2.13979	0.8962	0.53765	0.43312	0.33273
0.062	2.13947	0.8893	0.54001	0.42364	0.32828
0.063	2.1391	0.88333	0.54316	0.42062	0.32416
0.064	2.13874	0.88041	0.54801	0.41543	0.32179
0.065	2.13841	0.87922	0.55201	0.41508	0.31831
0.066	2.13815	0.87806	0.5564	0.4177	0.31901
0.067	2.13797	0.87764	0.56121	0.41696	0.31905
0.068	2.13788	0.87897	0.56213	0.41784	0.32205
0.069	2.13788	0.88084	0.56509	0.41244	0.32059
0.07	2.13793	0.88304	0.57058	0.41233	0.32092
0.071	2.13794	0.88644	0.57587	0.41285	0.32425
0.072	2.1378	0.89124	0.58061	0.41094	0.32477
0.073	2.13739	0.89528	0.57888	0.41083	0.33266
0.074	2.13671	0.89364	0.57751	0.40433	0.33368
0.075	2.13583	0.8918	0.5732	0.39915	0.33431
0.076	2.13488	0.88988	0.56644	0.39319	0.33192
0.077	2.13398	0.88847	0.55887	0.38626	0.32411
0.078	2.13321	0.88764	0.55524	0.38487	0.31555
0.079	2.13262	0.88804	0.55635	0.38793	0.31197
0.08	2.13224	0.8888	0.55601	0.38638	0.31351
0.081	2.13209	0.88591	0.5633	0.38432	0.31108
0.082	2.1322	0.88544	0.56512	0.38989	0.31227
0.083	2.1326	0.88724	0.56524	0.40011	0.31738
0.084	2.13332	0.88849	0.57186	0.40669	0.32215
0.085	2.1344	0.89121	0.57296	0.40905	0.32402
0.086	2.13586	0.89425	0.57197	0.41371	0.32868
0.087	2.13768	0.89785	0.56905	0.41424	0.3328
0.088	2.13983	0.90168	0.56394	0.41075	0.32872
0.089	2.14223	0.90398	0.56128	0.4082	0.32479
0.09	2.14481	0.90394	0.55861	0.4087	0.32662
0.091	2.14755	0.90247	0.55855	0.41317	0.34178
0.092	2.15049	0.89829	0.55747	0.42012	0.33263
0.093	2.15369	0.89533	0.55014	0.42121	0.31606
0.094	2.15715	0.89346	0.54411	0.41797	0.31089
0.095	2.16077	0.89142	0.54703	0.41673	0.31187
0.096	2.16437	0.89015	0.54928	0.412	0.31547
0.097	2.16772	0.89002	0.54348	0.39939	0.32466
0.098	2.17065	0.89099	0.54682	0.39212	0.32096
0.099	2.17304	0.89369	0.5464	0.39115	0.31751
0.1	    2.1748	0.8986	0.53735	0.38854	0.31999