eV/Deta	R_N = 1.0	R_N = 2.1	R_N = 3.0	R_N = 3.8	R_N = 4.5
	    wn = 2.4	wn = 3.3	wn = 3.8	wn = 4.1	wn = 4.3
0	    3.85843	2.37511	1.48856	1.00677	0.77037
0.001	3.83691	2.33685	1.52859	1.13465	0.91293
0.002	3.78094	2.30066	1.62752	1.30932	1.10218
0.003	3.70492	2.26339	1.69158	1.41036	1.23185
0.004	3.61926	2.21176	1.71593	1.42673	1.27506
0.005	3.53007	2.13209	1.67197	1.37593	1.27021
0.006	3.44057	2.03059	1.58096	1.28635	1.1609
0.007	3.35247	1.91672	1.46521	1.18105	1.04093
0.008	3.26676	1.79945	1.34466	1.04271	0.91662
0.009	3.18412	1.68793	1.22902	0.93117	0.8118
0.01	3.10501	1.58674	1.10872	0.82468	0.7196
0.011	3.02971	1.49591	1.01326	0.74534	0.64837
0.012	2.95838	1.41606	0.93681	0.6834	0.59431
0.013	2.8911	1.34687	0.87424	0.63735	0.54287
0.014	2.82787	1.28685	0.8223	0.59458	0.50403
0.015	2.76864	1.23457	0.7786	0.56068	0.47419
0.016	2.71328	1.18888	0.74139	0.53352	0.4496
0.017	2.66166	1.14886	0.70948	0.51166	0.4278
0.018	2.61361	1.11376	0.68188	0.49461	0.41091
0.019	2.56896	1.08289	0.65767	0.4821	0.39731
0.02	2.52753	1.05561	0.63626	0.47169	0.38514
0.021	2.48916	1.03141	0.61748	0.45984	0.37941
0.022	2.45369	1.00992	0.60104	0.44824	0.36753
0.023	2.42098	0.99073	0.58538	0.4386	0.35873
0.024	2.39087	0.9736	0.57048	0.43065	0.35205
0.025	2.36323	0.95875	0.5575	0.42504	0.3467
0.026	2.33794	0.94644	0.54676	0.42159	0.34328
0.027	2.31486	0.93671	0.53871	0.41641	0.33919
0.028	2.29388	0.92937	0.53321	0.41079	0.34007
0.029	2.27488	0.92405	0.52913	0.40702	0.337
0.03	2.25772	0.92036	0.52762	0.40656	0.33463
0.031	2.24229	0.91832	0.52746	0.40415	0.3352
0.032	2.22844	0.91801	0.52516	0.4001	0.33294
0.033	2.21606	0.91919	0.52306	0.40005	0.33102
0.034	2.20501	0.92143	0.52213	0.39624	0.33111
0.035	2.19519	0.92379	0.52167	0.39332	0.32909
0.036	2.1865	0.92576	0.52184	0.39132	0.32583
0.037	2.17886	0.92711	0.52326	0.3856	0.3246
0.038	2.17219	0.92717	0.52413	0.38451	0.32653
0.039	2.16643	0.92674	0.52422	0.38812	0.33228
0.04	2.16151	0.92714	0.52603	0.39499	0.33265
0.041	2.15736	0.92788	0.52994	0.39973	0.33087
0.042	2.15391	0.92769	0.53657	0.40023	0.33153
0.043	2.15105	0.92586	0.54153	0.39815	0.32771
0.044	2.14872	0.92427	0.54918	0.3974	0.32429
0.045	2.14684	0.9241	0.55752	0.40025	0.32283
0.046	2.14538	0.92377	0.56455	0.4056	0.31922
0.047	2.14432	0.92183	0.57016	0.4141	0.31614
0.048	2.14365	0.91874	0.57454	0.41988	0.31263
0.049	2.14336	0.91454	0.57602	0.42142	0.31337
0.05	2.14343	0.90964	0.57369	0.42152	0.31686
0.051	2.14382	0.9051	0.56888	0.42177	0.31293
0.052	2.14445	0.9022	0.56302	0.42076	0.31048
0.053	2.14527	0.90176	0.56019	0.42183	0.3071
0.054	2.14619	0.90393	0.55788	0.43004	0.31029
0.055	2.14712	0.90803	0.55226	0.4325	0.3128
0.056	2.14797	0.91255	0.5454	0.43633	0.31303
0.057	2.14866	0.91554	0.54273	0.43886	0.31793
0.058	2.14913	0.91583	0.542	0.44099	0.32231
0.059	2.14936	0.9135	0.54132	0.43975	0.3278
0.06	2.14935	0.9105	0.53972	0.43878	0.33286
0.061	2.14915	0.90574	0.54009	0.43583	0.3337
0.062	2.14881	0.89761	0.54291	0.42658	0.32966
0.063	2.1484	0.89066	0.54637	0.42202	0.32459
0.064	2.148	0.8869	0.55089	0.41829	0.3228
0.065	2.14764	0.88492	0.55506	0.41662	0.31939
0.066	2.14735	0.88318	0.55876	0.42125	0.31897
0.067	2.14716	0.88229	0.5625	0.42344	0.31885
0.068	2.14707	0.88322	0.56334	0.42158	0.3226
0.069	2.14708	0.88474	0.56594	0.41432	0.32557
0.07	2.14715	0.88648	0.5718	0.41409	0.32649
0.071	2.14723	0.88976	0.57851	0.4171	0.32681
0.072	2.14721	0.89531	0.58438	0.41464	0.32633
0.073	2.14701	0.89883	0.58198	0.41268	0.33248
0.074	2.14657	0.89875	0.58271	0.40675	0.33677
0.075	2.14592	0.89821	0.57806	0.40228	0.33761
0.076	2.14516	0.89727	0.57037	0.39543	0.33471
0.077	2.14437	0.89677	0.56321	0.38923	0.3279
0.078	2.14365	0.89679	0.55872	0.38809	0.32062
0.079	2.14303	0.89782	0.55913	0.39077	0.31606
0.08	2.14258	0.89537	0.56094	0.38886	0.3132
0.081	2.14232	0.89221	0.56375	0.38566	0.31065
0.082	2.14232	0.89232	0.56603	0.39121	0.3125
0.083	2.14262	0.8934	0.57151	0.39991	0.3163
0.084	2.14326	0.89539	0.57747	0.4104	0.31931
0.085	2.1443	0.89847	0.57897	0.41217	0.32346
0.086	2.14575	0.90157	0.57947	0.41649	0.3288
0.087	2.14757	0.90502	0.57565	0.41675	0.33455
0.088	2.14972	0.90869	0.56981	0.41045	0.34044
0.089	2.15212	0.91129	0.56863	0.40796	0.33298
0.09	2.15471	0.91138	0.56239	0.41153	0.33277
0.091	2.15744	0.90915	0.56007	0.41605	0.34419
0.092	2.16031	0.90375	0.56088	0.42205	0.33677
0.093	2.16338	0.8996	0.55407	0.42243	0.32176
0.094	2.16666	0.89716	0.54988	0.42202	0.31901
0.095	2.17008	0.89523	0.55264	0.41781	0.31882
0.096	2.17351	0.89442	0.55365	0.41312	0.31972
0.097	2.17676	0.89523	0.55135	0.40507	0.32768
0.098	2.17967	0.89737	0.55192	0.39698	0.32517
0.099	2.18209	0.90098	0.54907	0.39671	0.32181
0.1	    2.18386	0.90659	0.54191	0.39591	0.32472